%.i
%.u
%.v
+i.m
7.s
DecryptAutoLogon.csproj
DecryptAutoLogon.exe
E.c
F.d
G.v
LsaOpenPolicy.html
System.Data.dll
System.Xml.dll
System.dll
W.g
W.p
ZgEgJk.h
advapi32.dll
c8.r
default.aspx
e.g
exe-assm.jpg
iZmzn.e
k.u
kF.o
mM^.m
mbrilock_99595.ico
mscoree.dll
mscorlib.dll
n.y
oL.v
o~.x
s.m
user32.dll
w.s
w9-.r
xo.s
